1090872
1675149
1708646
1829432
1829432
1447647
1447647
1420529
1606180
1822365
1802457
1802457
1802457
1098009
1209028
1209028
1209028
1754927
6201
1555074
8177
1821393
1712543
1158114
824142
1158449
320193
930245
1500217
1015647
1837774
1837774
1135185
1069183
825313
1091587
1551152
1140859
351569
1300938
1300938
1284237
1703057
1492074
20639
1492074
318306
1565025
1438558
1144980
1833764
1652866
907654
771497
896747
815094
1576873
1784384
1385799
1559720
1605331
1253986
1253986
1253986
1253986
1071058
1800
1442999
1642081
1447028
1173313
1607450
1537258
1642122
1739445
1823878
1070494
1759008
1759008
1759008
1508348
1683541
1844389
1461755
1622996
1283630
1001463
1481646
712034
1041588
1698991
1069308
1720580
1813658
1813658
1813658
1499684
1499684
1404296
880984
1501437
1501437
947484
947484
947484
1161611
1520697
949858
1646972
1651235
1824502
1838614
1838614
1651625
935036
1790121
1790121
1790121
1113232
868857
934543
1680062
1467373
715579
1805651
1805651
1805651
1008848
1503290
1762359
1529377
1762359
1557746
1427925
1448375
1448375
1444192
1820630
1820630
1820630
1842279
934549
1096950
2098
786947
1636289
1036848
1593204
1818838
1621227
1641427
796343
917251
1771910
1822912
1822912
1515156
1830029
1830029
869531
1663641
6281
1513525
1513525
1641427
7084
1368514
1171008
887247
1328143
849401
1744494
1670541
1744494
1824884
1824884
1824884
1824884
1563568
8670
1478320
1823584
1823584
1169717
1169717
869425
1169717
1436467
1436467
1101215
769397
927454
1703056
926282
1726711
1468328
1776661
1501756
1698519
1776661
2230
1574232
1100397
1054274
2178
1827392
1827392
1002910
846676
769218
843212
353020
1470683
1040470
1750106
927003
1039828
1039828
1039828
2809
882291
1437776
1437776
1572621
919012
1450280
4904
4904
4904
1715688
1378789
879911
1337553
1316644
874761
1708341
1122304
1724001
874292
1362190
1113423
799231
1162027
1823406
1287750
1822523
1469038
1365555
1365555
1042046
1042046
1042046
1042046
1042046
1539894
1539894
1655075
1522860
1568162
1568162
1568162
4977
1608390
1286459
1820953
1365555
1365555
1365555
1365555
1365555
1365555
1502573
836809
1771007
1308648
1833909
1769624
1769624
1769624
1769624
1823340
1830232
880266
1823340
1362481
1708599
1098972
1592016
1800637
1691906
1085596
885074
1178819
1439222
1636282
845877
845877
845877
845877
845877
845877
1705402
1423689
1423689
1423689
1423689
1423689
1642178
1273813
1533030
1415311
1174169
1634997
1826397
1499505
1261249
1593548
1273636
1040850
1603345
100591
78749
1818382
1818382
1413898
1448987
1448987
1725255
1446251
1446251
1344980
1569187
747435
1267395
1267395
1267395
1820807
1304409
874710
1232582
1232582
1232582
1232582
1232582
1232582
1577526
1209028
1702015
1526697
1065199
1650505
5272
5272
5272
1757143
1711012
12239
1405660
18654
18654
18654
18654
18654
18654
18654
18654
18654
18654
18654
18654
946644
1374535
819793
1604738
1278752
1778114
1161167
1161167
1750
1820877
1272842
1009891
1105542
1476573
353184
353184
109563
1527675
1498148
922864
5656
1209028
1267238
1267238
1267238
1824963
1824963
1824963
354190
40888
1614806
1086222
1301501
1517022
1321834
1826574
1826574
925261
925261
1590496
899629
1744659
1584754
1541157
1776197
1722271
3124
3124
1487712
1487712
1748621
915913
1322505
1167379
3545
1062506
1755101
1341235
66756
1754664
1653087
1508668
1545654
863344
863344
897077
866291
1097149
1720025
1799448
1362468
1575295
1267602
1382298
1382298
1382298
1438731
766421
1522165
1520262
899051
899051
899051
899051
899051
1579241
1564824
1549145
1737287
1365767
40729
40729
1624658
1178670
8146
3153
1616736
1023298
1446390
1446390
1626199
1606698
3153
1459200
1420565
903419
1087022
1089511
1062066
1411207
1326190
1636286
1664127
1759824
1759824
1759824
1692787
778164
1701732
1822366
1822366
1822366
775057
1781115
1781115
1781115
1034670
1754068
3499
1603519
899866
1810182
1734520
946822
1623925
1502104
1502104
1823608
1014763
6951
1375618
1280263
874501
874501
1494558
1424812
1411579
1744494
1744494
1744494
1748790
1626556
1514991
2488
1037868
896262
1083446
1004434
318154
1562401
1562401
1562401
1562401
1562401
1562401
1788028
1788028
1788028
1805024
1438930
1438930
1300524
19617
1053092
1591587
1047127
945617
1776048
1776048
1142750
1114446
741516
1114446
8328
46129
1129137
820027
1411906
1518461
1297184
1835636
1554054
1533924
1704715
1108236
1488139
890821
890821
1591588
897448
1365916
1723128
744825
880807
1018979
1807166
1142801
713425
1053507
1734342
1734342
1801777
1114446
738214
945828
1114446
1114446
794619
1393584
1129137
1783010
1018724
350698
1370053
1801075
1491829
1534248
1176316
1691936
1691936
1691936
1691936
821026
6494
1596532
1018840
1490161
1552448
1705110
1601485
1275187
1047884
1602277
898437
1438557
1023024
715446
1519469
1528115
1786511
1620678
1620678
1013462
1168663
1413745
1316175
1156039
1570132
1477845
1681282
1344376
1591956
1840877
1379400
1062066
315293
1816613
1816613
1816613
1300175
1300175
91142
1387467
1808997
352991
1383906
6176
6176
6769
1517302
1070050
2969
744452
1201792
900278
900278
1251769
1582284
844161
1796209
1838337
1838337
820313
1733418
855787
1802883
1418121
1492422
1697532
1734005
1454177
1454177
1411494
1411494
1411494
6845
1671502
1671502
1607549
1433195
1807707
1807707
1441683
317788
1669778
1735803
3153
3153
3153
3153
3153
1781983
1701114
1820872
1820872
1820872
884269
882361
1481832
1521332
1521332
1674365
1543739
1671584
1026980
1777921
1777921
1777921
1653710
1568969
719135
1603978
1621832
1174169
1174169
1174169
1391135
1398733
1604643
1433270
1498068
1083922
1513818
1138723
1823826
1823826
1823826
1305168
894405
1287750
1740594
1037676
1508478
1768224
826326
1689662
1614067
1437402
1035443
1648087
1590715
1176948
1176948
820901
1405073
1698702
1091748
1091748
1091748
1533106
1105533
1697862
1798270
1467760
1836967
1836967
1823794
1823794
779544
1102238
1736946
1086600
1584509
921114
1534155
1080709
1790982
1389050
717538
1422142
1787306
1428205
1428205
1562519
1530425
1820721
1624517
1498122
1537561
1621221
1621221
863110
7623
916529
1835059
1655759
7536
879407
1808805
1838821
1379235
1379235
1423210
1423210
1230869
1834048
1477720
1819510
1819510
1819510
1669368
1824211
1824211
1253493
1253493
7789
7789
7789
7789
7789
1577437
1600930
1600930
1716885
1492091
1425203
1425203
1450206
1450206
1651992
786035
1793855
7646
7646
890564
1674862
1518258
1518258
1673985
1066130
1511161
1754170
1754170
1722926
316888
1426800
937966
1447945
1447945
1498301
1011060
1612042
1585755
1817358
1492075
1492075
1819516
1819516
1819516
1145986
1462418
1487198
1123452
1231339
1808665
707605
1001907
792987
1350102
884144
1122411
720500
1839191
1419242
1825254
1825254
1825254
1823945
1823945
1823945
1570937
1841004
1841004
1437775
1437775
1059142
1583682
1762459
1372954
1794846
1794846
1794846
1794846
1794846
1794846
1751143
1647435
1647435
1068689
1350653
1580808
1304492
730464
1437541
1437541
1527469
1527469
1527469
1527469
1527469
1620463
1131343
1527636
1131096
1368148
1018963
1755058
1591387
1666138
1464343
748954
1132651
1623595
1679426
312070
1836176
1062128
1690080
1690080
879585
1388320
1300699
731802
1420520
1488039
745543
745543
896622
1604464
1323885
701288
8063
1016169
737207
1740076
894081
1606457
1713210
1515251
1702780
1365742
1831874
718877
1530185
1650101
1644963
1067428
883948
883948
750574
1086434
1554818
1011509
1799207
1507713
1172494
1600620
1091596
1838207
826253
1730463
1023364
1811109
1264089
104918
1504764
1819608
1819608
1819608
1368622
915912
1443575
1630212
1355736
1704760
1704760
5981
1012477
1343304
1325879
1446189
1730168
1730168
1506928
39677
1575969
896841
1593899
1219120
1362898
1348036
1676163
1113313
1606498
1122976
1377789
1802974
1342936
1445467
1445467
1552164
1681087
1629071
1454176
8858
1722482
1722482
1314052
8818
1418100
906013
926617
7431
1410636
1390195
1056903
1015739
1061069
1299709
867665
727207
805928
1514946
835662
1062231
1633070
1682948
1603756
1299709
1069183
4962
1028153
6207
1175596
1214816
1214816
1579428
1616862
1051627
1364128
1789383
1601072
1144215
1797336
1086745
1385818
1385818
1385818
1689923
1782754
1533475
1533475
901832
866787
929940
1633438
1604191
1432364
1708527
8947
9984
12927
1286597
1577552
1123596
70858
70858
70858
70858
70858
70858
70858
70858
70858
70858
70858
1378999
1378999
895564
895564
1181026
1443646
1071438
312070
1747079
1001085
1169770
1514416
760498
1589361
946673
1704795
1578987
1811216
1001290
1690437
1448705
720154
1109189
1282648
1560385
1560385
10456
1034594
1070235
913059
1399224
1399224
886158
1703956
1160330
1379785
1160330
1137392
1172139
1099160
819050
1717556
1743881
1167467
1171264
1419554
1368637
1553920
1493683
849547
1021270
902791
1654795
842180
1113809
1814974
1814974
764478
14930
14930
14930
14930
1826892
1814140
1809541
891765
891765
1228454
1328581
718940
925741
925741
718940
718940
1509589
1532346
718940
718940
1161125
1732409
1084370
1137883
312070
1730984
1447011
1445168
1445168
78890
1402606
1068875
1313275
1751692
9326
1496690
882796
312069
1655050
1668340
1819133
1610820
1581285
9521
9521
1506289
1761612
1833214
1833214
1833214
913142
1114446
793306
1114446
1114446
1114446
1114446
846617
1567771
1586495
1332283
12040
790816
1575142
1000683
1745846
1610940
1103021
1439725
1701541
10795
10795
10795
1664703
1557668
1745999
1574774
718940
1124941
1696355
1398805
1398805
1758951
1483646
1809587
729580
729580
1749817
38777
1828735
1828735
1828735
1828735
1568139
1480170
1533232
1533232
1791863
1378992
1562528
1709505
1464165
14693
1437578
1746109
1448597
1448597
1741257
1723580
1723580
1303942
1137393
1804176
1310488
1181249
1712641
1370489
907254
907254
907254
1624322
1818355
1818355
1818355
1176197
1137391
1144519
1325378
1325378
1500620
1546429
886035
1094831
1710523
1156388
14195
1521404
1179821
1691433
1651308
1306550
1278027
1474903
1287480
1504234
1393299
1726173
1726173
1759136
743367
885590
1614826
863436
1685040
1685040
1685040
1685040
1685040
1160864
1108134
1407583
811809
1574085
1574085
1574085
1759186
1759186
1759186
1590383
1169034
1689813
1443863
1329099
1515740
102426
768835
1626450
1753391
875045
1575420
1723690
1786352
1213660
1678848
12208
12208
1534287
1044378
811240
1769484
1406234
1406234
1406234
1788348
1486299
1815566
918545
1562818
1795749
1831270
1831270
1028357
1580149
1445815
1531152
1454468
1454468
1013488
1390777
1390777
1326003
1834045
1332349
885245
1392091
1447011
1527383
1130464
1627014
1556416
1181250
894242
1075531
1398006
1701605
1580095
1699906
1007273
1759528
832327
2186
1504008
1463978
1440153
1019034
1666134
1803977
1589526
1567900
1358403
1791278
1633931
1453015
1316835
1176194
1794311
834365
1580733
1575345
880242
1400561
1689657
1703253
1378590
1703625
1364742
1280058
9389
1546417
1522420
1632121
1429764
1429764
1416697
1600132
1498403
1823200
1425289
1827328
1827328
1259942
1582138
1293971
1817944
1817944
1233681
890541
1428389
1591565
1347426
1830043
804563
1574815
1002788
1314966
9092
1540684
70858
70858
70858
70858
927971
1212787
1715611
1275477
927971
73290
1403475
1048477
1671235
1671235
802681
1568385
1725872
1725872
14272
14272
1667075
1384939
1438556
1438556
1634117
875729
1576169
1327238
1411690
927971
1508381
927971
1424182
1667075
1472494
310732
310732
1792267
9631
846546
1808898
1533945
1533945
1501268
1776985
1647866
1137390
1818089
1818089
1818089
1400561
1838544
702513
1320375
46195
1415311
1630132
875357
1641281
1678746
1494582
34067
1610250
1490366
1715497
1005516
894560
1275101
1407704
1813756
1813756
1813756
1372612
1624512
1487718
313807
821127
1437441
1597264
1708301
1562201
763901
1588966
1588966
1557376
850033
1133818
1768946
1567024
1545772
1545772
1545772
1545772
1496048
1496048
1815021
1167470
1568628
1383312
1772016
842717
746598
1817640
1817640
1817640
1817640
1487197
1122491
1442626
1431074
14177
1067983
1067983
1532926
1049782
1109354
933974
1787518
1787518
1787518
1631463
1784797
1784797
1658880
10048
79282
1774983
1774983
1781755
1719406
1719406
1719406
1719406
1839360
1650575
1650575
1381202
1397795
1662382
764897
14846
14595
14595
1456212
1505497
1505497
1444839
1581068
1705873
1748824
1027552
1787414
1471055
1089094
1181024
10329
1730773
1530766
1748824
1486298
1621434
1698287
1815805
1815805
1815805
1834045
1409197
1054721
1371128
1130144
1616678
1563665
1174672
1768666
1746129
885725
885725
1031308
1343793
1720893
1815526
1815526
1815526
1718224
1710350
1436229
1630113
725929
1279495
1429937
1473579
1499855
1303523
1622231
1680525
946454
1831236
925683
1774155
1774155
1528437
1471727
1064728
1815086
1815086
1815086
312070
1379384
1525852
1668717
1393772
1609989
1528988
15847
1714174
1579298
1158399
314489
1174891
1734713
1302387
315858
315858
1013131
1665988
1271580
1449574
1611747
1630805
908255
1821146
1821146
1821146
1505065
1341317
1120370
1505732
1504545
13573
1166708
1788257
1656501
1486957
1393818
1301787
778946
1061630
1298699
1632323
1037540
1780097
1299939
1299939
1750145
1680689
1702750
906553
1445162
1445162
1001171
1333519
1181187
1655210
1801417
1386049
1354866
1677940
915840
1169029
1765826
1625414
724445
1437774
1437774
1437774
831001
831001
831001
831001
831001
356028
1717393
1157762
1759138
1436647
1632127
750686
885550
16058
1678124
1614184
1225525
1173382
1368493
1635581
23217
721371
1832352
1832352
1388430
1535628
16988
887596
1446707
1446707
14707
1496671
1752036
1035748
16160
1795579
1406666
730255
1109138
1780652
1509957
1471824
1536196
1725123
1477009
1722438
1722438
1722438
1816431
814926
1086082
312070
1538849
1084656
1133869
887151
723612
1346830
1829576
1494259
1787100
1783180
1683606
1016178
1822309
1822309
1822309
1333835
907471
895051
764579
708781
726958
18230
1454789
711772
1671013
1632275
18255
861842
1175609
1461679
721447
896159
1828723
1828723
1828723
1289496
711669
1117171
1042074
716133
1453099
1038572
1776073
1360442
1586554
1020186
1605301
1413488
1701809
1124105
883943
883943
1006830
910612
910612
910612
1318641
1742089
1378624
1419536
1421636
1374310
1369868
1138118
1067294
1022183
22356
16040
1473844
723188
944148
1627223
1092896
794107
1794621
1794621
1532424
1633336
1437958
726601
1764046
1662579
1696411
1602584
862692
1650107
830524
1439299
1558633
1051470
1498576
1811210
1811210
1811210
1009001
1219601
815097
1735964
1449488
1472072
1102934
1641398
736772
736772
1334978
1456802
1461283
1461283
1158324
1398879
1398879
1637558
1620664
1083848
1141103
1576940
1682593
1445109
888746
749038
1812234
1812234
1812234
1828250
1828250
1774675
1774675
1774675
1340652
1681769
1166691
1807192
1659352
1725057
1545634
215466
1611831
1658566
811222
1024095
1609702
1666071
704562
704562
1217234
813672
929545
1786485
761648
761648
761648
1793895
949428
1610618
1402057
1386570
1544238
1200375
1303936
727273
1306830
1030475
3197
1722837
860489
1726122
1114446
1114446
1114446
1309082
1710366
1385145
1603454
14272
1341766
1587246
1187953
1488775
1092662
1576340
1836935
1836935
887733
887733
949157
1095595
1717161
1136352
1136352
1534120
1805387
1805387
804753
1020214
1827090
18748
1435064
1435064
1435064
1329606
1074692
1173489
1324404
1818644
1818644
1818644
1458412
1691507
1070680
1651987
913341
1490906
759944
759944
759944
1811856
1811856
1825249
1825249
1825249
1305773
1047446
1310630
39263
39263
948401
948401
1478069
1828049
1828049
1420800
1527166
857949
1555207
1544206
1737927
1676197
1789972
1084656
1119774
1550635
1550635
1349929
842013
1453056
1824814
851205
1285650
1759352
1799611
1799611
1799611
1191255
1838293
1799850
1799850
1799850
1495687
1299969
1495687
726854
22872
1631569
313927
20212
1450488
1450488
19584
1517175
1610590
1610590
1453930
1453930
1601994
1601994
1478726
1506492
1506492
1824893
1824893
1824893
1453934
1453934
1364954
1284450
1046311
1309057
1171471
895126
895126
895126
895126
895126
895126
895126
1015922
895126
1524769
895126
1117795
1339469
1211211
763563
1571776
1469346
1765048
845379
1434674
1756497
1756497
793628
1785041
1785041
1785041
1528541
1528541
1730346
1512762
1043277
897429
823277
823277
823277
823277
823277
1132924
1091667
1113866
1134765
1524931
1396277
1043222
1766502
1723089
1222719
805729
1739940
24090
1071371
1445474
1445474
945384
1445161
1445161
1173204
936395
833021
1157557
1157557
913353
1749797
1495688
1495688
1278895
1789760
1789760
1557798
1459482
810766
1409493
20286
1575051
1593222
1483379
1483379
1091883
813716
1777319
1171825
1171825
944745
1608638
1049606
1535628
1829948
1075706
1555574
1555574
1413263
1334687
1334687
1519995
859598
1637120
1637120
1065989
1065989
1651407
352955
21665
1816581
1816581
1816581
1837739
1640152
1501958
913277
1826855
1826855
1000229
1723596
320017
1658304
1394638
1569340
1089143
774569
1441849
1535379
1476045
744218
34115
1775085
1414382
764065
796505
1631487
36047
822818
1791100
813639
924901
1821159
1821159
1821159
1434524
1393548
1486452
1627281
814083
1340122
1717547
1368265
1479681
1822791
1822791
1679688
1022505
1437517
1801170
1801170
1619227
1294325
1294325
1649096
1724542
1285550
1490083
1490083
732834
1279704
1279704
1362516
1831937
1831937
840715
1030894
1539029
1522222
789318
827876
749647
1411036
1165639
1281774
1819615
1819615
1466301
1764046
1441236
743758
1026662
21076
1705843
1366235
1366235
1045520
28412
1453056
1738177
22444
766011
1597835
1005229
1166691
908311
908311
19446
1770540
1535365
1156375
1578348
1058090
1346655
1389518
1446751
1446751
1040721
26172
1818331
1818331
1818331
1058623
766701
1346346
1227654
1651431
1262976
1816590
1503584
1503584
1503584
1503584
1503584
1498547
1117480
811156
201533
811156
811156
811156
1026655
23197
718413
809844
1493712
21175
1436161
812348
1343009
1071739
1367920
1005101
1130889
1191334
1346287
1824301
1824301
1824301
1677703
1376321
1780785
1733868
1352952
1502292
1304741
1567094
16868
1534254
1582244
1725063
1385280
23426
816956
1368620
1787005
1410187
1704720
1224608
1224608
712771
1130310
1130310
1450278
1450278
1017413
883902
1690996
1737936
1582586
1284812
1304421
1729427
1434418
1316317
1757097
1652499
911147
1694271
1694271
1443979
1070412
1803599
1050377
1211759
895421
1467808
1028734
1412486
1334325
1012037
1345126
1345126
1345126
1345126
1692415
1012037
1659494
927628
927628
927628
927628
927628
927628
1619055
803164
858470
1061288
1584943
1622229
1270436
21510
21535
1513977
1513977
1482075
317540
887343
1455863
1572758
1267565
1050797
1517228
1178727
1553023
1223389
1823000
1823000
711404
1829953
933136
1163165
1490892
1318084
1594337
1471824
1347652
1088856
1742550
1706509
1474167
909832
1024305
1385867
1450307
1837160
1837160
312070
1466538
16875
1345105
1776661
1221029
1236997
16732
928022
1479247
701347
944696
1545851
1672909
1106644
1087294
19745
1707178
1392326
1081938
1166126
852747
1762562
1530721
900075
1369568
1320461
814676
1169445
1805087
1805087
1805087
889609
1009759
906345
1571329
1827899
1827899
202947
1828608
1828608
827099
1558235
1569083
1383650
25445
1053706
1279967
1279967
47307
1454471
1454471
86264
86264
1595097
1609253
1553915
1609253
868822
868822
1688126
25475
25475
1213037
1478035
895419
721693
1034957
1356093
33934
1277250
1555207
1063197
849395
1818212
1818212
1818212
1461119
1060822
1108205
23194
1761696
1100682
1832928
1108524
1410098
799850
315958
1770561
1768267
909531
1119769
1658247
909531
1415311
1656472
1334036
1557725
17843
1723648
1723648
1723648
1404597
1674416
1743759
881787
1357671
1357671
1375195
1576427
1662774
1825497
1825497
772406
874866
1626971
1377149
1535527
1103833
25895
784199
1468679
1040593
1005119
1159510
880417
771856
1731899
858877
1747661
1057352
1005757
908256
1180145
1375877
1451797
790051
1433714
1401680
356037
1598674
1275214
798359
798359
1679063
1679063
1679063
1834032
1834032
1837774
1504379
1447362
1563411
1676479
1043000
1445470
1680132
1016281
17313
17313
1624794
277948
30554
30554
68622
1824577
1824577
1824577
1450009
1450009
18172
1823634
1823634
1823634
723254
24491
68622
350852
68622
922247
1435163
1011432
23111
1498067
1502377
1015155
1042187
891293
1734262
1596783
1501989
23795
1547341
1704715
1590717
1720161
1318484
1462886
1462886
26058
1058290
1175151
1341141
68622
1755672
794929
1506251
1506251
877890
1603386
68622
1445470
26076
880406
1298675
1488813
1488813
1488813
1488813
1488813
1645460
1424657
1424657
1512927
1125259
723603
1776909
1776909
1756770
1556226
1711291
1643301
1162461
25232
225648
1809122
1376793
354647
278166
1127371
1475260
1590584
1752836
1290900
1133470
1376139
1722287
1828248
1828248
948320
928658
1169561
806279
725363
1567925
1690820
19871
64803
1510964
1639234
889348
766792
1023109
93410
26324
1585023
1051343
1522602
928340
1567683
1567683
1562151
1669779
1628369
1145898
1741220
1515139
1385329
911177
1035201
1076378
1073489
1353970
1075736
845606
847411
1502557
1358071
1252849
1355559
1070985
831609
1637890
768408
1230524
768411
1522787
1598110
1130166
1755237
932695
1394039
1175680
1108109
1726317
1442711
1084577
1124524
1396446
922247
922247
1061983
799698
1603386
739421
810958
1381871
1590895
1367859
1402902
715957
1369241
1793862
351998
915779
27904
26780
1048515
1781753
916540
1401914
1792789
831001
1656081
1159508
1383082
1383084
1328237
28823
1823144
1823144
1823144
1383062
1319947
1525201
1127475
1383058
1437147
1437147
1383057
1164256
1383054
1656536
1076784
1354730
1613780
1467623
1829959
831001
29644
1321828
1166141
30305
846617
846617
1338065
1338065
1338065
1654151
1716583
1716583
1716583
1836154
1836154
1160951
872912
715957
1666700
1067318
910638
896923
1799567
1643194
1828957
1828957
1828957
1561550
28917
315189
1622194
1668069
910521
1144225
1812173
1812173
1812173
1364250
1361371
1571996
945764
852772
1435387
835403
1703141
896985
831001
1555995
1396167
725394
1053691
1825088
1813914
1813914
1669811
1777946
1777946
931336
1559991
1799191
1799191
1393612
312070
312070
29534
1053092
831001
1409999
800457
854775
1456787
1383055
1053092
1053092
1342958
1818201
1818201
1818201
1827075
1159508
1065598
1637866
1022079
1159508
1075415
1838163
844887
1075415
1075415
1057861
1830188
1830188
882184
909108
313616
313616
313616
1331284
1393883
1061353
1041130
1825786
1608742
1369128
1502966
1563255
1563255
49754
29002
1441769
1744489
1437107
1437107
1437107
1001082
1818605
928465
831001
1114446
1114446
783412
312070
831001
1694426
1592411
1446519
1446519
1552797
1379043
1772757
1089063
1438644
1101396
1308547
831001
312070
1831928
1831928
1614466
785557
1578453
1578453
1578453
1407878
1282224
1282224
1297996
1297996
1297996
1297996
1297996
1649744
1420368
935703
27996
1788399
1125699
1754820
1754820
1401040
1565381
839122
1172358
1067318
1478102
1438231
1725134
1725134
1651944
1816101
1816101
1816101
1824920
1824920
1824920
1793659
1793659
1419995
1799208
1454473
1454473
1487739
1059213
1487739
1487739
1785154
1357204
1714899
1779020
1779020
1063259
1679771
1439567
1599617
806628
945764
945764
1500861
1446598
1446598
1574540
1261333
949039
1679771
1707303
1505952
1748797
893691
868780
29905
1751788
1062579
1762417
1110607
1515671
1759546
866439
1505611
1556753
1791929
1526593
896493
1559172
1286681
1477641
1446597
1446597
1652561
707388
707388
1023512
783280
1518336
1298946
1298946
940944
1533998
1399529
1574863
1042893
1421570
1082038
1340476
715957
1629606
1804745
1175483
1823466
1823466
1603998
1481045
1481045
1413909
1050140
1642453
1566388
1053092
1053092
855887
1099369
1143238
1828791
915778
771999
1761940
714603
1051003
946936
1318885
1773383
936340
1627606
879535
1014052
1533357
1357874
936340
1575311
936340
1182737
1631282
1419951
312070
312070
936340
936340
312070
312070
894239
1546354
1326160
1326160
1326160
1326160
1817232
1750593
1396536
1551887
1635136
927066
1029142
1163417
919956
1017673
1163417
1114446
1736865
1090012
1114446
1812360
1812360
1812360
927719
869495
799165
831001
826675
1688568
1093557
1499494
1323838
813298
1020710
27367
29332
67215
1213809
1818794
1111741
720875
30831
1101680
1159508
1002242
712515
1832765
784539
1832765
1210123
1378580
1378580
931148
7323
1719395
1560672
1601936
1534708
703351
1563298
1475115
1065088
1065088
1810546
33002
814549
1478454
1799290
1439124
1439124
1367644
1600125
1018399
1444406
1604174
1604174
1604174
1604174
793040
793040
1426945
930775
1387438
1387438
31462
1008653
1783400
1783400
1169652
1560258
1144169
1084961
1135202
1552743
1696898
1487798
1823635
1047862
1041934
1388141
1501103
1017968
1551040
1650664
1395213
1581671
1581671
1302343
1731388
1540159
1782309
1817153
1817153
1817153
1372920
31667
791718
1029199
352960
1781397
1579214
1699018
1411342
1411342
1573698
1445153
1701167
924168
1258623
1025835
1599407
880641
1288992
33185
1066194
1050441
1336050
1437178
1437178
1023731
1575771
1544229
1322439
1199392
918608
1065332
49600
1595085
1595085
827871
894627
1759783
785161
1228509
1665817
1333493
1653606
1754836
1731831
1379041
1237746
1305253
1176984
1751156
827052
1839434
1769768
1093028
1093028
1549084
1451160
1451160
1001250
701719
1739104
1739104
1348952
1404281
1639669
1600033
1348952
1122388
946394
1488917
1035354
1041792
1041792
1438461
895417
351789
752294
1024672
1053369
1607281
1348952
1741489
1651094
837465
1080319
1046995
1516551
858800
1227862
105634
1715819
809708
1494448
1463459
1768225
1027662
808326
31107
822370
822370
783005
915389
1517518
66901
1478682
887396
1822928
1822928
1822928
32604
1127248
1178377
1285786
1449794
895728
895728
1591763
1437479
1119807
1495536
1593034
1528172
1828972
1828972
933738
1446294
1446294
912505
1659939
71508
1592000
1596812
1832351
1832351
71508
1527728
1816261
1816261
1816261
1463101
1632790
1632790
1346022
1289308
1125376
319458
1177648
1101302
1638097
1638097
1337619
1529864
890821
1822691
1822691
1177162
316253
727510
926864
1386067
821189
1300391
1570562
1419583
1308335
1805077
1805077
1651958
1454741
1506307
6955
1352010
1073349
1096752
1061219
1501862
1827248
1827248
1633932
1006655
1045450
1728951
1726126
1553734
1109504
1428816
1571498
1746466
1227500
803649
803649
1818221
1818221
1818221
1635626
1632933
1333986
1333986
1333986
1101239
1792554
1140625
1790515
1790515
906107
878932
33213
1635729
1563536
1756607
1756607
1227073
1398972
1814287
1814287
1814287
1126874
1279014
717826
922621
1421517
1355444
1769725
1271554
1127248
1023023
1624422
72741
1553079
1358254
33488
276283
866706
1341170
1532981
1363829
1363829
1590714
1010559
1085922
1085922
1027664
862668
1140310
1448893
1357971
33533
1434868
1531031
1541401
920522
1382230
1760683
1760683
1760683
1490873
1688757
1707753
10254
1323648
1276187
1814728
1814728
1814728
1437822
1308927
1099574
1705181
1128353
867028
1270523
896156
1725210
1482753
1427437
1395325
1067837
1551182
1785173
1449447
1281926
1710340
1161154
1161154
1161154
65984
1747009
1538495
1370637
1724344
1322436
1322435
1800347
1800347
1563696
1340736
1822929
1822929
1278465
1415311
1415311
1604481
1832505
1832505
350797
1592057
1597426
1828253
1437352
842518
1109116
1284454
1640428
1070732
1618835
1287498
710782
1574565
1628908
65312
715788
1114446
943184
1694665
1177161
1074540
728447
1834342
1834342
1403708
1052054
1704596
1360901
1711269
1318568
1253327
1559865
1043894
1222922
1074685
1099800
1069157
1550020
1517498
1543066
1844019
1124140
1109357
1786119
1480999
1552189
1634293
939767
1528760
1116284
1379438
1114446
1277866
1297989
1263011
1726744
1263011
1083706
918646
1779128
1779128
746515
1324424
1495932
851520
1483510
1289490
1635881
1078271
1710155
1372514
1682639
1266806
1314102
1497251
1806904
1752372
876523
1427437
37996
37996
37996
1017907
1839550
1838987
1472787
1815849
1815849
1815849
922521
1302624
1701261
1454175
1454175
1539838
1413855
1446596
1446596
34563
917491
815556
1705012
1705012
1705012
1434316
1795851
790500
915191
915191
1326801
1033012
1114446
1519751
1429260
1429260
1521951
1649749
1688941
947559
811589
1511198
1747624
1057706
1419041
912967
1083643
1596123
886206
1144546
1816233
1816233
1070296
1605484
1823733
1823733
859070
1716697
1131903
932781
1141807
1647509
886128
712537
840489
1416876
730669
887936
798941
798941
798941
876717
1650132
1464963
1688897
1464963
1464963
1282850
1714379
1590418
831259
1098151
1414043
1722731
1646109
910492
1650648
1047340
1013237
1513363
1513363
1513363
1513363
1048911
1031296
1801661
1801661
1801661
849997
1709819
1556336
39020
38725
1447250
1447250
1284940
1211583
1509646
1363438
726516
1832433
1832433
1122742
1122742
1401257
1053092
1370880
1337298
1291334
708955
1787384
1174164
312070
1012771
1381074
923139
36029
1048695
713095
1543652
1641229
1783875
1401564
1413837
1392994
1408534
1486640
1377167
921299
1591890
1591890
1818502
1818502
1818502
1687919
1064052
922358
922358
1438926
1438926
36377
1056288
36966
36966
36966
36966
36966
36966
36369
1786182
1764443
1822462
1575828
860413
814547
1114446
1513789
1648903
1114446
1784168
1784168
1784168
1823855
1089061
886137
1745059
1823855
1691445
1136893
862831
1553079
798354
1447599
35527
35527
35527
35527
1687081
1177609
1288847
1035983
1661998
312070
69891
850971
722572
737875
850209
1828326
1828326
1828326
312070
1245648
1609988
1609988
1162194
1438901
312070
866374
1743886
1053092
1674930
740663
1433087
1433087
354908
891482
1659207
1703785
1772253
1460329
1128928
1641991
1124198
1787462
30625
1434842
1175454
1083743
1752524
1084869
1419600
37472
925660
1407298
1403749
1822219
1822219
1822219
792966
700565
702325
702325
702325
740806
37785
1085913
1026214
1026214
1026214
1026214
1026214
1026214
1026214
1026214
1026214
1026214
1026214
1026214
1026214
1026214
1026214
1026214
1026214
1026214
1026214
1026214
1026214
1698022
1811999
1488613
1199004
709337
1305197
1333141
1010858
1538927
1061736
1319183
1408710
884363
37808
37808
1163199
1035976
1507079
1331875
1430592
1602409
1069996
1704711
765207
310522
310522
310522
310522
310522
310522
310522
310522
310522
310522
310522
310522
310522
310522
310522
310522
1737268
1114927
1456346
1556727
1828937
1651052
35214
1375340
1436740
1436740
1178879
355019
1406587
1829280
38264
1832511
1832511
1039399
1023313
1045986
883569
1462456
1462456
1099668
1794669
1754301
1754301
1424929
1829999
1829999
1829426
1829426
1829426
1397047
1567569
1058330
1574197
1591670
1589420
1177439
316736
1175505
1518720
819690
1723141
921825
1259708
723646
1399935
1399935
834285
1132979
1132979
1132979
1132979
1132979
1132979
1132979
1446595
1446595
39092
1753706
1325159
1753706
1026214
1026214
1026214
1026214
1703647
36840
915191
915191
915191
1622408
915191
915191
1528930
1528930
1534992
1831417
924805
1331612
886982
1223533
1810031
712534
913290
1800667
1732078
844059
1611647
1438571
1438571
1842883
1691221
34903
34903
1678463
1602813
1826889
1826889
1826889
1485074
1530249
1494530
1816736
1769267
1435508
1069394
1822711
1422183
1525759
1274494
1517413
1341335
1840225
1089319
1031316
1720990
1720990
1172102
1785424
1785424
1785424
1834336
277509
1822862
1822862
1487931
1815737
1815737
1815737
1525306
352825
1566373
1637810
833040
1590364
1590364
1590364
1740915
1829328
1829328
1829328
1727263
932265
846913
1233087
1395585
1066923
831378
1753162
1681459
1777835
1777835
928054
1374328
1382231
1262039
1816090
1816090
1816090
20520
1666175
1529463
1659166
1659166
1582919
1503458
1132571
1132571
1484769
1114446
352960
1336277
800364
800364
39368
1680581
1092570
700564
700564
811532
763907
825202
1534043
1534043
1534043
1514597
717806
1807846
1807846
1807846
1805890
1636051
1424549
1754581
1558583
1090454
1090454
1823465
1675644
1159281
1091983
1762301
1824434
1824434
1626745
1837014
1652958
1499573
1560385
1560385
1604924
912728
1353614
1353611
1068897
1353612
1519405
1164009
1164009
1328598
1353615
915191
719402
1353616
1433994
1353613
1452190
319016
1398659
794685
794685
794685
794685
794685
714395
711665
1138724
1089872
1321741
1321741
1321741
1133416
40417
40417
1799332
1403870
1269920
1269920
1328919
1517006
40211
1377757
1127993
312070
1799983
1799983
1495825
1647705
868671
727346
1476765
1179029
1179029
1142488
1733294
1060349
1494904
1494904
1165320
1324410
1823365
1527844
105744
1725430
1629137
1588489
312070
923120
1498233
1498233
1695473
1070524
1379606
886982
1600626
886982
748790
863678
1579684
1819796
1819796
18498
1644440
1597634
1158089
1158089
1630430
845611
40533
1609711
1071255
1727535
1378701
1378701
1729997
1472341
1386278
943861
1809519
1072725
1526125
1011662
1260729
1260729
1260729
927971
927971
1743725
1743725
40545
1082506
1675033
1512077
43920
43920
1831096
1683131
1022321
1474968
1474968
1351051
64472
1166272
1527102
1834489
923796
1001115
1612875
886744
912463
1428765
1354591
1392380
858706
1389207
1046203
50725
1181749
1172724
1780232
1780232
820771
1342287
1342287
1183082
1342287
1342287
1510518
1438927
1438927
1338929
1823896
1823896
1823896
1299393
1114700
1073404
1739376
925428
925428
42888
1551949
1313510
1313510
1635193
1635193
1489874
921671
921671
921671
1127307
1585855
1585855
1576280
1806156
1806156
1764443
1514113
104889
1724755
1609472
1783398
1783398
1282977
1821160
716314
1464865
1642375
1819394
1819394
1819394
1554697
1061574
1031623
1836981
719274
1381435
1105101
1836981
821002
1841080
1802749
1802749
1802749
1061894
882095
897322
828803
1651721
40704
1770141
1770141
1770141
1770141
1781726
1531384
1531384
1509786
1398529
1192448
320335
1143513
1143513
1143513
1014111
1823383
1823383
1823383
1524829
1499780
890066
1524684
1222333
1372020
1538847
1053092
1618181
1618181
1843248
1784851
1784851
1784851
1030749
1574676
1556266
1088413
1841734
808461
808461
808461
1415311
1004411
1595353
1524684
1207179
1375348
1350869
1557860
1534126
1534126
1598655
1598655
1598655
1598655
1323468
1323468
1421876
1513403
1575965
1316463
1385613
1799788
1821169
41719
1403676
1800315
1483386
1282957
1282957
1282957
1420108
1366246
1288795
24741
13156
1253689
931799
1467858
1434265
1451448
1836190
1836190
1600847
1326380
1237831
1454742
1382112
1437925
1758057
1438848
1438848
1819395
1819395
1415916
1415916
1760764
1275229
1064722
1533615
1533615
1600438
40211
1816736
1629205
1629205
1781929
1832250
1832250
1398137
1606363
1059784
1457612
1528356
1757064
1326200
1526113
1526113
1526113
1743745
1487371
1768012
1768012
1261002
1819810
1819810
1819810
1595248
1474735
1790665
1790665
1790665
1418489
924383
1438893
1438893
1346917
1511820
355811
1058867
1355848
1276520
1454263
1771515
1816176
1816176
1816176
1808220
1810140
1750153
1750153
1380936
1029145
1537054
1291733
756894
1672013
1234006
1234006
1234006
1652044
1652044
1690511
1160791
1728117
832489
832489
1791405
1584547
1831979
40987
1205181
1031203
918580
1550053
41091
1408075
1300050
1095146
1392449
1374584
1310709
1703644
1123360
874499
1673475
1635650
1309402
1464591
1500435
39911
70415
1045309
1566912
1699031
1534133
1373670
1419275
42682
1393435
1630176
1826492
1768910
1768910
1768910
1804469
850027
1438569
1037390
1701756
1725293
1581545
59860
1662574
1121788
312070
1492448
1597846
1788841
1788841
1788841
1788841
1497055
754811
1834026
1564538
1490281
1395167
1395167
1126961
1126961
1104265
792935
1816816
1816816
1816816
1656634
1563577
352960
1594109
1463000
918573
1313310
1448558
1604868
1391437
1391437
1443388
886982
886982
886982
886982
886982
886982
886982
1809987
1809987
1809987
1823707
1823707
1366868
854560
1572694
886982
886982
1828096
1437476
1332174
1668523
1726978
1012139
1639327
1239188
1126741
1131399
1712923
1430725
1430725
1430725
1639877
1738758
1738758
312070
1341726
1011395
1837207
1837207
1381240
903571
1431372
1497649
1647338
1321847
1768259
42582
1795139
109657
1471781
1273441
1735041
1735041
1591157
1718512
1782594
924515
1017110
1560241
356590
825324
932021
892553
1163560
1163560
43196
43196
1837105
1842046
1171662
1315255
1263364
1735707
1375793
1052752
1682325
1449218
1449218
1565146
885462
1080720
1080720
1080720
42316
861459
1571804
1121631
1121631
944480
1490596
1819989
1819989
1819989
1613665
1522690
1598308
850918
1536278
1536278
850918
1351288
1012620
1528396
1434728
1592603
1572386
277135
1752828
1681556
1589061
1510524
1267612
1468174
1172222
1824013
1824013
1824013
313143
1109242
910406
1553473
45012
819913
1159036
1123267
1751876
1708493
46080
1561894
46207
46207
46207
46207
46207
46207
46207
858655
49196
49196
49196
1709164
1436425
1359841
732417
1123494
1489588
1322422
1390162
706129
1093082
775215
1639068
860730
1750153
1750153
1833769
1824846
1824846
1824846
1636422
1044676
1691303
1403431
1784567
1547546
1102358
1006837
1400810
1829455
1829455
1823033
1823033
1057379
1648257
844856
948696
948696
1487986
731012
1280784
1280784
1591165
354950
1144967
1400691
1058828
1114446
1804506
1114446
313716
1573097
925528
1141788
354707
1493761
1803901
1803901
1803901
1339605
1449217
1449217
46619
46619
916789
1371451
1283140
1583771
1496749
1842912
4447
1436949
1436949
1789832
754813
1690947
1484737
1500375
48039
1750106
1680873
1710680
1482554
1046025
849145
1293310
874766
1665421
1622148
1551206
1158420
862022
1674168
741815
1498828
1402453
1822886
825171
1824185
1824185
1721181
1069680
1417398
1017480
1519505
874766
874766
1823776
1823776
1823776
1807616
1026785
1501585
1823034
1287808
1773751
1773751
1342338
910068
1584693
921082
1058239
1421819
1661053
1661053
1350421
1769731
1742341
1445476
1445476
719413
719413
1826814
1826814
844959
1286964
1400691
1180262
1596964
1302215
1024795
851310
1611277
1674534
1674534
1029831
1433642
1418149
1585689
1654588
1422768
866829
1821586
1680139
715153
1829042
1829042
1829042
311817
1580156
1720446
1603016
1603016
1539680
850141
921183
1040792
1602929
1830197
1396282
1535778
1518715
1196501
1461640
353990
353990
1567345
1023514
1336364
722723
48287
1145255
1396282
929058
788965
1679450
1679450
1388126
1450349
1597659
1077688
1708176
1708176
793952
1357450
1814329
859737
1331520
1646228
1114446
1821440
773840
1769617
1760542
1128361
1711786
357294
46765
1645590
1189740
1653629
1176199
1792849
1792849
1792849
1664038
1482512
47217
1725526
1215913
1021435
1797956
1809353
1809353
1809353
1304730
805267
1140102
884121
1428336
899749
12659
899394
47518
1537663
1700175
1528651
1528651
1364479
48465
1802665
1712356
1360214
1379368
1361937
1598665
45919
818033
1760439
1487428
1814114
1089113
1089113
943033
45876
1653031
1610853
1000228
1066605
1038133
1210708
1070750
1813603
797564
1365388
1095565
1383701
47111
1063344
1360604
1600347
1538263
1053352
1476963
1446648
1446648
1260041
1487428
1280784
1169987
1265131
1714420
1483994
1561032
799233
920112
920112
1172136
1553473
1819794
1819794
1828817
1828817
1828817
1396502
1657853
48898
940942
1404655
1791725
1771885
1778982
49071
1307954
1679450
315374
1289848
1156041
49279
1687542
1728190
1594555
216085
893847
750577
1356949
750577
1563177
1563177
1622867
1632081
1578505
1750777
46250
4281
1702318
831749
717605
1173514
1771908
1771908
1771908
825345
1307624
1086303
1695295
1806220
1497186
1759631
1759631
1718405
1718405
1718405
1718405
1486749
1713832
1481028
1222401
1817071
1817071
1817071
1637655
1492426
1057060
1821788
1821788
1821788
1745041
1450894
1800227
1821018
1821018
1821018
1835378
1835378
1385632
779336
1203464
803578
917520
1278680
1206571
1206571
1044896
781902
39311
1835205
1720420
1420720
1381197
51143
1103838
315709
1580905
1564618
749660
1470205
811641
1681903
1408057
1537028
1571949
1362004
1598924
1652535
941221
1128725
1697818
1060955
1578348
1350073
1423325
857737
1421642
1270073
1010134
1076522
883984
1698113
1057877
1718939
1824036
1445468
1445468
1405495
1417802
837852
1530739
1688487
1040896
861838
1005731
1534154
1463833
1054102
874716
1676725
1652362
1652362
49728
50292
813762
1048268
832101
51253
51253
1681941
917100
822746
1708688
1615903
1380277
1332943
1819496
1819496
1819496
1506983
1326205
1326205
1285890
1393540
1462586
1794338
1794338
1090159
1090159
1496323
1834645
1834645
1002771
1268884
1619762
1098880
1814423
701869
1496292
858446
1682811
1698508
1400891
82473
1698508
1825042
1825042
1825042
1395627
916618
1371489
1829889
1829889
764401
1728688
1090633
1434620
885601
88790
1528308
1677576
1677576
820318
820318
1083301
1750149
1444714
1444714
1814963
1657214
1470550
1570932
1570932
1110803
1717307
1115864
1778016
1729944
1729944
1405663
921582
1072670
1072670
870826
1792030
884650
1671927
855654
1000298
1416090
50493
312070
1506184
1058811
1472012
1208261
49938
1123134
1437538
1364962
1820191
1820191
1820191
1672619
1660046
1660046
1668438
1110648
1809196
1809196
822411
822411
1559356
1280776
1734768
1764013
1683695
1740279
1819035
1819035
1395057
1562463
1562463
1562463
1016504
1657803
1739614
1099234
879169
776901
1841925
1757840
1037390
1522807
1113148
1138639
1598014
1337013
1076310
1067491
1039765
1294133
1046257
1038277
1826671
1826671
1585380
1500123
1081745
1728328
1711754
1742692
1497645
1609139
1281845
1834376
1055726
903651
1619954
1529113
1572565
895421
719494
1528985
320340
1615063
1022652
30125
1104506
1609550
1355754
1679049
1679049
789460
1358633
50863
1525773
69422
1042418
1174672
1036262
896878
1520118
1526890
736012
829323
1080014
1421603
1036044
1687229
1417926
862651
1835654
1693011
866609
1580490
874015
949961
1295560
1054905
1095130
1425205
51434
1715925
822663
1053374
1715925
1715925
1195933
1474835
1546296
51644
1029974
1111928
1029974
1598599
1160958
1421461
1720201
1720201
1355250
52485
1801169
1801169
1801169
1801170
1801170
1801170
1818876
1818876
1818876
1818874
1818874
1818874
1818873
1818873
1818873
1591913
1067873
1789029
1789029
1789029
1830072
1507957
1309035
1309035
1722608
885125
1527702
1478242
1699150
1159167
1373690
1128173
1530256
1530256
1418819
798359
798359
1006045
858707
1020569
1325618
1455926
1514743
1372117
933267
1466085
1388658
1446847
842517
1594012
1355790
1534880
1224306
843006
1410939
1039765
727634
875355
1438655
1438655
943034
1840572
728387
1035267
836690
1602658
1634447
1634447
763665
763665
749251
1816696
1816696
1276671
1309442
1567514
51011
1579597
1579597
1114483
1643154
1828852
1828852
350868
720858
1018281
1613170
1293977
355363
355363
1808865
1290658
1358190
880224
1805508
1805508
1722387
780571
1659323
1337117
216228
1132597
1283708
1283708
49826
1756594
1001902
1819142
1819142
742112
1190370
312257
1568292
1737647
1437071
1437071
1437071
1437071
1735012
1393020
914208
1648365
1114446
1114446
1114446
1279715
941685
1070304
1495231
52988
807882
1518171
1685715
1333849
1585608
1009829
1721947
862861
1133062
318269
1817868
870016
1617227
1232524
1475011
1475011
1689796
728535
1839839
898293
1158463
880117
1433660
1095747
1385763
833444
1822312
1686142
1084048
1166126
1796209
22701
885307
1610607
1549802
1549802
1255821
879875
1538789
96223
867536
867536
1674335
1537528
1708261
866095
1517389
1743102
1276533
1619544
1737339
1446662
1446662
1615905
1686000
1580185
1753217
1647933
1666735
1274173
759828
759866
1159152
1787791
1787791
1787791
1687932
312070
312070
312070
312070
312070
312070
312070
312070
785956
312070
312070
779152
1481513
860543
1037976
1472215
1316898
1735664
870016
1756708
838131
1302350
1302350
1302350
1302350
1640455
200406
1615026
1043604
312070
40570
1295484
745308
859796
1824149
1824149
788329
1616291
1216583
1615026
1547994
19617
19617
19617
19617
19617
19617
1176433
1679033
1227476
1539337
1297830
1289213
1602380
1158289
1696558
1597892
1620459
1556801
1509253
1083522
1442656
1442656
1475430
879875
1680237
1713923
1265708
1213106
1397173
1446661
1446661
1594864
1684688
1760903
1778651
714712
1007019
1534648
107140
107140
1805594
1615169
72333
1800682
1800682
1800682
1831359
1831359
1487533
1487533
1824119
1612630
1816172
55067
1843212
886346
1825962
1447126
1824171
1824171
1446660
1446660
1447126
1479419
1389034
811596
1348911
54381
1524190
1230058
1395942
1762239
1530746
1530746
1445930
55772
1411133
1411133
795266
1413119
1729750
1164888
1357615
1411059
1546383
1482430
1795589
1841304
1049011
1106215
1106215
1557142
1435049
1418135
911148
1606757
318996
55135
55135
1611005
887225
55529
1755953
1755953
56047
91576
1601046
748691
1297341
930420
1072627
56679
701818
1089531
1802546
1637459
1451287
1451287
1425450
1318482
1826059
1446656
1446656
879101
879101
879101
1561743
33992
1820875
1515940
1161814
1056285
711477
1608092
1001474
1001474
1404912
1404912
1404912
1404912
1713443
319201
1823323
1823323
1752474
1751299
56978
1719489
1719489
1738827
1449614
55785
1567529
1500096
1471302
1506307
1434647
860748
55242
1170010
1587523
1447125
1447125
1316517
1696195
1011570
1564180
1730430
1669162
1797768
1074828
1492691
1436793
1436793
21344
897078
1468748
31235
910631
1415311
1265572
1315257
771266
1507964
1509991
1668501
56701
1543727
1543727
1494162
1503802
56873
1321646
1342219
1792581
1025996
1527355
1631596
1286043
1779476
704440
1832950
1832950
1625791
1617242
1257640
1741830
1664710
1584943
1657788
1771917
1772177
1711279
912764
1604627
846596
1814824
1814824
1814824
795212
1668501
885639
54480
54480
892450
1760965
719733
845819
839533
1069258
1614744
1498382
1000232
1809158
1662684
1449614
1422143
1446655
1446655
1007587
1841873
1846069
1846068
1408100
1823086
1823086
1159275
81362
1713539
1713539
1702783
1815442
1293613
1724293
57083
57083
1702783
1075880
1438929
1438929
1645666
60086
1584480
819220
1785345
1440972
1716947
1716947
1716947
1023128
1577670
1742056
798081
1441082
1090425
57515
1495240
1495240
1495240
1495240
1753712
1141688
1124796
1766146
1766146
1766146
912766
703604
888504
1311370
1758057
1758057
1721741
701985
846901
1586452
1475348
1629261
1114446
1830162
1611983
1611983
1611983
1611983
1694028
1172178
1384135
1570585
1570585
1570585
1643721
1409970
1768012
1768012
1768012
1802450
1802450
1715433
57725
763744
1604930
1074902
1823525
1493137
876343
874396
1822492
1822492
1822492
312070
1831631
60977
1439584
1336920
1548717
1737193
799288
842162
1365038
1561880
1818346
1818346
1818346
1456189
59527
1333822
58361
58492
1436208
1801198
1820272
1423579
1596856
1542731
920760
1658645
818972
1391723
1617351
1821806
1065059
94845
1412707
1412707
1348362
1348362
1721386
1721386
1721386
1510247
1268896
1579010
1699683
1547546
1822873
1822873
1822873
1448591
889331
849146
1836337
1836337
1661166
929351
929351
1554394
1806524
1806524
1278211
1580670
1335112
61004
61004
1464192
886163
1400438
1447221
1721484
1804176
1804176
1804176
1616788
920148
1824153
1824153
1303313
1652724
1723187
202058
1791706
1689231
1339970
1069202
1712184
1712184
1712184
1707925
1286613
1512499
828146
1417754
1770883
1307579
1523836
1633978
1396054
1108630
1045742
1790625
1790625
1790625
1639691
1491419
1335105
1335105
1783407
920465
831355
1487839
1156174
721994
1767582
1065696
1669812
1396033
1474627
1391127
59478
1831992
1831992
1831868
1831868
1158895
1606163
1177167
1685428
1640384
704051
704051
1114446
1114446
1691421
1351172
1342423
1033905
1731727
1615346
1615346
1615346
1615346
1001500
1358356
936468
1611820
1672572
59558
57528
1499849
1005286
1437041
1437041
1823575
1823575
1823575
3570
1602706
1554394
836157
1320350
1439584
352541
1521036
1743858
1743858
1743858
1743858
1779020
1779020
1779020
1080340
1462120
1606366
1120970
1664106
1032975
768216
1785880
1821769
1821769
1821769
1711375
1509397
1472619
1661920
1504678
1434588
1323206
1006269
1759008
1759008
1705338
1746278
1701758
1605780
60667
1581720
1535955
1596993
1528129
1290109
1397911
1301611
1806201
1102993
889971
1643988
1509745
60519
1819576
1235468
1141240
1060888
707549
1442492
1569568
1114446
1374690
1157408
1796129
1796129
1819113
1341318
855658
1721386
1721386
1650696
944314
1319643
1823306
1810739
853816
1560385
1560385
1560385
1667489
1496254
1084554
887905
1496254
1732406
93205
1445175
1742924
1496254
1047716
1002037
1763950
1606745
1606745
1114925
1029730
1029730
1029730
1029730
1415332
1816007
16099
1397187
18926
1126234
1239819
1127537
92380
1374567
1823767
1823767
1473654
1503658
824046
824046
1436975
1168981
1300514
1387061
1563756
1421289
1080088
1679273
814586
1567098
1325964
723533
1708259
1740695
1814067
1096056
910108
910108
1348362
1348362
1062822
60714
1489393
816332
1759509
1160106
1682241
1327273
1444327
1444327
763532
1335258
1446711
1446711
57131
1126115
794367
1141391
912595
912595
1819263
1819263
912242
1835416
1274792
1838672
1805795
1805795
1052354
1230992
1515317
1437144
1437144
896494
1396440
1537280
1537280
871763
1056696
892537
1549107
1437144
1697935
1048286
1507605
1368365
62362
801645
801645
62996
937556
1555279
63276
908259
1094348
63296
3453
62919
62919
1258943
1818383
1353499
1796898
1121142
54187
836147
1617291
814585
1441693
1629019
1629019
1629019
1680048
1343460
883975
1659617
1115837
1837344
1590976
1042729
1596967
888410
1803914
1803914
1803914
1832415
1832415
1476034
1053584
1747068
1490349
1535079
63908
1527709
1071993
1523289
1783317
1638290
827054
1224133
275694
927653
1785592
1785592
1289868
1059556
1078799
1516559
851170
1609809
907242
62234
1490349
1490349
64996
893949
1441816
773141
876883
1318268
1603961
1157601
1618500
1618500
1823143
1823143
1784254
1379481
1379481
1045707
75439
1741534
1540184
1536577
1536577
1611110
1103982
1807983
65011
1526243
1526243
1654595
1654595
1124804
1613103
67716
1402479
1671077
1593984
355379
1376339
1601280
936958
1766368
910329
1393901
1668397
1382574
1759413
728385
1643615
1487786
1487786
65270
1262104
1099590
844172
886977
1627452
70858
1333274
810332
1345099
1099219
1099219
1099219
1099219
1687187
1796514
1796514
1609436
1055160
1725872
1725872
1725872
1094738
1086888
716688
1276469
1335730
1359711
1527762
1000209
1000209
1045126
801961
36506
1447380
1522704
891188
856128
1436126
749098
896076
896076
1161728
1590750
811922
1020825
1162283
1273931
876779
19411
789570
1595974
1125345
1697412
1656936
921560
835011
1004434
752714
1690585
1001601
1735438
1326390
1698990
1337068
1412100
1412100
1412100
1034665
901824
830487
1437226
1223026
851968
1412100
1412100
1038186
1412100
799292
1277998
1099132
1289790
819689
854800
769520
1564216
1093248
1593936
1358656
1819035
1819035
1644675
826735
926423
926423
1467761
1759425
1408443
1826058
1826058
1515160
1515160
802257
807863
1170534
1696396
1770236
1514281
1446420
1576914
890393
1523486
1789330
927971
1456857
927971
1417028
1543272
63754
1758736
1372183
1096343
317340
1049502
1278021
64463
1778630
724004
1807594
1807594
1807594
1381640
1308569
66382
89439
1714562
66388
1485888
916076
1544227
63330
1114446
831001
831001
1114446
1114446
1053092
1114446
1114446
895421
1114446
924822
1409680
855683
1053092
1550603
1801762
1003201
62709
1518557
1440799
1578732
1176334
66740
1520358
66600
1117228
1088638
1776932
1653876
1126975
1412481
1032220
856982
809173
1085921
66496
886043
1773250
1495153
1524223
1754170
1754170
1754170
1119083
1232863
1463471
899460
1567892
1226616
894351
1645469
67625
67625
1745797
876427
1693577
1693577
1815846
865752
1826600
1599117
1302028
764180
1449617
1449617
1470099
1084267
864509
67347
1074871
1118417
1220754
1412665
67887
67887
1602842
1743971
1179929
1763197
1414953
1619174
1610601
1828325
1828325
1583055
1340243
1679363
1114446
1289419
1285785
1113513
890394
1822359
1686850
1827821
1827821
1827821
72573
1734750
1516805
1801368
1801368
891038
918251
65759
879635
1510295
1417695
1417695
1582962
1133519
1793229
1793229
1552000
1552000
1624826
831655
1004530
1287865
1280452
1129155
887394
890196
1450468
1450468
1830180
1438423
1750735
1439095
1512931
1512931
1049521
942149
1719714
1623360
1389002
310158
1094038
1260968
1819704
1522767
1682852
1267813
101778
1114446
1442836
1616314
799167
1576263
1651311
1823239
1058057
1446128
1446128
1413754
895421
895421
895421
895421
895421
895421
895421
66570
1836517
1836517
65172
1169483
1466026
1713334
1408198
904112
66004
1523289
720002
1523289
789019
1523289
1795250
1821175
1469372
1636519
68505
1447112
1447112
1415684
1003078
1157509
32621
880432
1724570
1589149
1760026
1050446
1734875
1693687
1243429
1722606
1826667
1826667
1826667
36270
1582982
1582982
1742518
891103
1159204
1634379
1037646
1520006
1183765
1056358
876437
1516973
833079
1302362
1302362
1098462
40730
1091223
812011
1582554
1113256
1643918
313364
1159204
1104657
866273
68709
1446641
1446641
1493594
1025561
1404943
1454021
1342237
1342237
1114446
61986
32567
891014
15615
723125
901243
1051004
1820727
1820727
1820727
1071899
67088
1746119
1038190
1232860
1053988
1629665
717423
1058234
1573516
723733
314203
1277902
1099941
894871
1109067
835948
65770
1371782
1114446
897269
1350593
1757715
1325702
66418
1435969
1435969
863900
65433
743316
1288469
1116548
1355677
882152
879361
1080029
1582341
69488
882153
1327607
899923
1507181
883412
884216
927761
882150
1369290
1679082
700923
1211805
1543268
1831907
1437470
1437470
911308
1447122
1447122
753772
1830063
1830063
1074952
1083839
1619870
1409253
1485029
787253
1164771
1707919
1074769
1685570
883107
1326706
1531048
1000177
69733
935494
275053
1399855
808450
808450
810509
793547
1593538
892992
1823882
1823882
1823882
1780262
1780262
1780262
1780262
1478888
1091418
1579823
1096061
726293
1178839
1475841
1622057
914475
1647513
811831
1178841
1163739
1641640
1173281
1831978
790359
1760854
1178840
1389545
789933
818851
1439397
1454979
1174850
1513761
1377630
1709626
1566895
1414767
70866
1756180
1692427
1296774
1214935
1214935
1227857
1227857
1837067
1120193
353991
353991
1275158
1164771
1793129
1509477
1547158
1681682
1681682
72331
1329944
800928
1659183
1819663
1195737
1826018
1826018
1826018
1373853
753308
753308
753308
753308
1082027
1164727
746514
1077183
711377
87050
1467652
1748137
1603145
1196298
1401395
1598646
1403853
1698514
1698514
1477333
1499961
1587264
1282637
1387713
1469392
1726189
1678022
1448056
1587987
1688476
1713930
1737270
1538210
1612720
1612720
1493225
1749723
70145
1737422
1737422
1260563
1065280
1173420
1815495
1815495
1815495
1827980
1827980
1819493
1819493
1819493
1547996
800166
1543083
1004315
1578735
1578735
1578735
1578735
1578735
1804585
1504461
1504461
1504461
1605481
1379661
1426332
1821349
1503161
1084991
1593001
1547459
1653477
1566469
1655544
1047335
1621697
1356115
1503707
877860
1805385
1805385
1805385
1023844
1409446
1487610
912061
1518353
1111711
1111711
312070
1003935
1736510
1000045
1557915
1383441
1084475
890119
720762
1532286
1567388
1446588
1446588
1736541
1512228
72127
1564584
1603993
1140471
1744781
1158967
1030192
356309
1454980
1326110
320187
1177219
1731289
1436790
1436790
796534
906709
1787400
1195738
72162
1563463
849399
1606254
1078207
1492633
1282631
1404644
1043219
1043219
1043219
1043219
1043219
1333172
1333172
1333172
1707210
1774342
1415744
1496099
1496099
1649752
891417
830271
1547903
1562051
1415921
1819157
1819157
1163653
1602078
1690680
1607997
897419
1500198
1551986
897424
1266585
1437260
1132509
918541
1643303
1690981
1690981
1258602
751364
751364
1795251
888981
792161
1379006
818850
1368519
1824888
1824888
1824888
1499543
72205
1133421
1681206
1104485
924613
899782
1651717
910569
1784440
1021860
1772695
1025953
1467154
1807707
1807707
1076930
1373715
1296435
1780312
1450276
1450276
1780312
1780312
1445831
1119643
80172
1454978
1164863
354470
354470
1227025
1615999
897421
870780
71829
1831964
1831964
1638287
1388180
70487
1786248
1786248
1013871
927971
1643715
927971
1756908
927971
1179493
1163370
1603793
1549595
1195739
1261166
709005
1171486
1680637
1663712
1663712
1663712
72633
1409916
70502
1556593
1556593
1556593
1556593
1110805
1618563
1618563
702165
1709682
1709682
865058
1009922
1816017
1816017
1816017
932696
1093428
1000753
1433607
1433607
1433607
1421204
1302084
1536674
69633
1835817
1835814
1401708
722313
1002047
1737270
1653242
1776967
1078075
1464623
1638381
1110646
1490286
1122904
875582
1065078
1652130
748592
1618732
1436791
1436791
844538
829365
1689490
1725964
1604821
1676047
1512886
73124
73124
1552845
1798100
769594
878526
1039280
1353538
900391
1002517
73309
1290504
1592782
1502758
878198
1543637
886093
878200
1179493
1289850
1021561
812801
1142596
1811063
1671132
71557
1450445
1527613
1000694
1399708
1645113
1045810
1398713
724910
1532961
1473334
1090116
1500122
1581804
1292519
1109345
1282980
353278
1536674
1138978
1138978
906163
1444380
1114448
1838433
1415758
1757073
1720635
1501134
1404281
1836875
1131345
1131345
1471265
1072379
934796
73088
1013272
844150
1574596
919864
814453
1635984
1733998
1163389
1001385
1777398
1564708
1564708
800928
1372184
1423221
885732
1698535
1625288
708818
1087786
1811530
1088005
885731
883618
1065734
1065734
1413447
885733
888411
1620393
1142417
1661059
1566826
1333170
1828536
1828536
1595527
910073
910073
910073
1273685
1273685
1273685
1273685
1273685
1018735
71691
1454981
1137887
726728
1773751
1773751
1773751
1820931
1820931
1820931
1403528
1403528
1058255
1486159
1077618
350737
789318
1334388
746210
1427570
1362703
1516912
1685316
1730869
1370946
1827669
1827669
1827669
1820175
1820175
1000230
1716951
1716951
1828443
1004702
1004702
1780531
1776067
1372299
1578932
1419793
1110647
873860
1577791
1414932
1393434
1228627
1642380
74046
878927
1781405
800240
1717452
1626644
1489300
1609804
1108967
1824677
1409375
860546
1501078
1030469
1030469
1030469
1030469
884624
1317945
1487918
1487918
1487918
1487918
1487918
1749849
1553079
1021635
1174940
845033
845033
1620737
1587732
888491
812074
835333
1160846
1160846
73756
1095348
312070
1415311
1755068
312070
1415311
1114446
1121484
54639
1039684
1660134
1314196
1545460
1545460
1005284
312070
1639300
1750284
1615942
74303
712770
1484612
1378239
29989
926326
1302573
1832010
1285819
798528
1584207
75252
1090061
1652133
1103640
278165
1404804
1676852
1097864
707179
1300867
1671818
1444307
1260990
1584137
1129928
1498380
1646188
1722380
1404123
1772921
1768206
1110611
704532
1130598
1412067
1497253
1567802
1327688
1722010
1014739
1094139
1801169
1801169
1723580
1723580
1723580
1293818
1288855
940821
940821
1456772
1456772
1456772
944809
1385508
740971
1678130
1678130
1737450
1538716
1448431
1815620
1557340
1494650
1378140
1571636
1397016
791963
1627272
1296445
1038143
1361983
1518621
1655888
1341439
1341439
1054476
1661181
1460602
74260
1796280
1680056
898173
1458057
1176309
1402829
1098996
1764791
1641431
1390352
826154
1641431
1770251
1748907
1603194
1603194
1058307
877365
357173
1076691
75208
1564406
1039065
775158
1414932
1739426
1485538
1044777
1394056
1130713
1834226
1834226
1116463
1758488
1288359
1002638
1493566
1781335
1021604
1649989
1649989
1821318
1821318
1821318
1136174
1136174
1544613
1544613
1466593
1479000
1675192
1436786
1436786
1546652
1579877
894671
1448817
1448817
1636651
1431567
1107280
1792580
1431934
1823945
1622244
1748680
1584831
1586049
1495222
1495222
1495222
1495222
75288
1259429
797468
797468
1720725
1569650
1822829
1679817
1070423
771992
1347557
1299130
1517342
1819404
1819404
1819404
1712463
1485922
882800
1102112
1829797
1829797
1720821
1720821
1019849
1581990
1712807
1069899
75398
1810560
1810560
1810560
1459862
1469395
1811063
1811063
1811063
1807901
1606909
1327567
936446
1757067
1830531
1830531
1485922
708821
76149
821483
1787297
1393570
1616741
76605
1624326
1624326
1624326
1825570
1350156
1312073
1819881
1819881
1590955
1017655
1496443
723531
1068851
1546066
745543
1287032
1287032
1378946
1534504
1769663
1582568
1295947
1609065
78814
78814
830656
1578776
899175
1029125
1771815
1319150
1195734
1119639
1119639
1137849
1137849
1511071
1304161
319654
1754323
1530981
1401667
75362
1423869
810943
1632053
1004980
1004980
1004980
1004980
1004980
1004980
1004980
1004980
1004980
1004980
1338749
1558629
1170300
908187
1160990
1359555
1452936
1204413
1824993
1824993
1824993
1800347
1800347
1800347
1140411
1396814
1533743
1691337
1830033
1057083
1119897
1591698
1649094
50471
812306
276720
1568100
1821317
1821317
1821317
77877
891024
1737806
1718226
788920
1120914
1510599
1703489
882104
1042776
899108
899108
1013605
1472091
1756404
855886
1627168
1627168
1594466
765880
1474098
1474098
1474098
1474098
1474098
1093672
318300
1634447
1141197
1355839
788784
1013857
77281
77281
77281
77281
778164
1321732
891417
921738
216851
77476
1338940
1521168
900349
891532
1668673
1040130
1512922
1512922
1509190
1684425
867840
1688554
1492165
887919
770460
946647
868578
1839132
1839132
78003
1114446
1688554
1126328
1618673
1137774
1630856
1138476
1289636
75340
1056943
1244183
1093728
1688554
1504619
1550695
1296250
882071
1446252
1212458
1178970
1745916
1095315
1019787
1490349
1490349
80424
81157
1558465
1050743
1462047
790179
902053
1356090
1061164
312070
1551306
1080448
1318025
1050952
80661
1605607
1833213
1833213
902053
1354327
1553404
1557523
76334
1828316
1169245
1783183
1435181
1407573
1729089
1351573
1305767
1476204
313216
1739174
1739174
1739174
78150
1825724
1825724
704172
704172
704172
1533040
1219360
822416
1161582
1412408
1166258
1665300
1665300
1830487
315131
1477049
1114995
845385
1819175
1819175
1819175
1772720
1772720
1772720
1835800
1835800
830122
1591890
1591890
931015
1557265
830622
1577916
1786117
1679826
1506293
1822835
1822835
1822835
1230245
1583648
1675634
1626115
1617406
1315399
76321
76267
75677
31791
1657642
1412350
76282
1452804
1128189
889132
810136
1117057
1540755
1525769
1168455
1803914
1041859
1045609
1095052
1735556
1728205
866028
1761312
1637207
1287213
80035
1639142
1746473
1625101
1493212
914025
1828016
1690842
1321655
1433309
1093691
1022408
1006281
1497504
785786
1692412
1515816
1612851
1334589
1413329
1109546
1157075
806517
1517130
1140392
1723701
1723701
1837607
1837607
1586454
1170299
844790
900422
1301838
1464423
1464423
1464423
1742691
1641614
1807765
1807765
1807765
1699382
1181506
1501257
1098146
713676
713676
877019
1140410
1115055
1115055
1620749
1170311
1108426
1383414
1383414
1654672
77360
56868
1766400
764622
1450346
1450346
1446159
1145197
1437424
1622345
945841
784977
1825480
1530950
1403674
1403674
1746563
833640
80420
1015383
1617431
1028918
1031233
1614744
802481
1517681
1517681
1446747
1446747
1793294
79879
1826333
1826333
1752039
914122
922224
19617
1460235
1455886
826020
1445465
1445465
1449792
827773
922224
1561180
1708035
1127703
1185348
1613859
1689548
1561880
1784535
1784535
887226
1568905
1046568
1527249
1527249
911421
911421
911421
1382943
1085869
1801834
1808834
1401112
1585364
876167
1007330
1030916
1568079
1475922
1554625
1554625
1554625
1554625
1554625
1554625
1361538
1557265
805676
1297937
914139
1443669
1678660
928953
1557265
1388410
1748669
884713
1392972
1628808
1580063
1434110
1634038
1010470
1812667
1812667
1812667
1821329
1821329
1545224
868278
1395445
1643953
1043961
1612940
1446252
1137774
1220754
1437736
1437736
79661
1724670
1825473
1825473
1724009
1559053
1782999
1653558
1178711
1378950
1493526
1099215
1592058
1137774
1695357
1714798
1437672
1437672
1725579
1393311
1393311
1393311
1393311
1393311
1393311
1393311
1393311
1393311
1393311
1393311
1393311
1393311
1393311
1393311
1805521
1805521
866368
866368
866368
866368
866368
1287032
1498612
1481241
1137091
1494728
1439580
1439580
1041803
275880
1527753
938323
1608016
1415306
225628
1474432
1811882
1811882
1158780
1759774
1095981
1689565
1661460
1587476
1534701
1572910
1771077
1527587
1716338
1793882
1784535
1784535
1784535
1431880
925173
857005
1609258
1070081
1076682
889900
1063104
1095435
1377121
1520253
1520253
1445283
1821075
1821075
1821075
1022899
1797099
1797099
1797099
1354591
1372807
911216
1096691
1819074
1381105
1639825
1464300
1815903
1108329
1172298
832090
836564
798287
9346
9346
1527508
1190935
1627469
1575858
1050952
1422930
1836100
1836100
1116578
1116578
1574235
1680247
1006028
1750264
1818787
1818787
77159
1778784
315545
1591615
1163612
1508844
78239
1335493
1520048
1134982
1627480
1532619
733337
1774170
716605
1050915
933972
1038357
1271075
1040161
1811623
1660839
1640043
1640043
1640043
1181505
1611842
1114446
1633917
1743344
939930
1181504
1629210
1399249
1533427
901491
1036188
1036188
758938
1427644
1596062
804328
906465
1692705
353569
1094032
1295961
1821171
1108827
1741530
1830795
1830795
1015820
1781193
1423723
1561566
1769256
1460702
1779578
1107843
1101433
709283
750558
1117297
1691430
1391933
1350865
1350865
824416
1310527
1776641
1067839
1608741
1442236
1689084
1355096
1355096
1355096
1604778
1811414
1811414
1103795
1627554
1618756
1074663
1403570
1596946
1339688
1503274
1577368
1577368
1577368
1733298
1410384
820608
1481792
1758009
882508
1114446
892482
1115128
1590560
1549631
1397795
1254699
1254699
1128790
811522
85961
1655099
1824734
1824734
1824734
1804583
1811764
1648416
84129
761238
1810739
1810739
1611852
1320854
733269
81955
1112439
1112439
1673772
1515673
1582249
718332
82166
1539778
1046102
1815184
1815184
1815184
1499422
1708055
82811
921557
1410172
1420798
1420798
1751783
1315098
1606440
1608430
844150
1594204
1057791
1752108
1527590
1527590
1016708
748268
1527590
1527590
1665598
1762303
919567
1817786
1817786
733099
1628040
933036
1281895
895456
884887
1833498
1833498
1472595
700841
1442620
1527590
1462223
916183
1724521
1016838
1515275
1438654
1438654
1382821
812152
1449349
1553846
716634
716634
1657249
890926
790526
1306965
1306965
1339422
1428522
1720116
1094366
1135951
1095073
1520528
1573221
1532158
1712178
1140215
1419806
793524
910606
1463258
872589
319200
1384195
1697851
1697851
1812727
1812727
355948
768710
768710
929869
1078037
1053092
1509223
1205059
1588972
1737953
742278
1555039
1579910
1829311
1358762
1627611
1687277
887921
1687221
744187
1571283
1571283
1571283
1571283
1397516
1786431
1740332
1281761
891290
740664
1713863
1790177
1393066
898174
812149
1589150
1168696
1069533
730272
1412659
85535
1505512
1716324
1590877
1084765
95029
707511
716643
1425565
1514490
922330
1528849
1004724
1004724
315213
1490630
1040829
1087423
1063537
1823766
1823766
1823766
935419
1759546
1759546
1451505
1034842
1423586
1574910
1464790
1464790
1464790
1464790
1464790
1464790
1464790
1464790
1464790
1464790
863064
1167419
1610940
1501072
1590799
1079282
1702541
352960
720005
352960
352960
352960
1469443
823546
1805284
1844363
1037038
1812364
34285
1171155
1398987
1052595
84246
1511337
1546381
1663038
1452872
1718903
1553643
1828365
1519401
1581091
1767837
1596961
917273
1616262
943819
1716621
1358654
1757932
1757932
1757932
1820143
1820143
1820143
1838108
1838108
1670869
1746967
1771226
1635282
1757932
1757932
1620928
1644771
1644378
1556179
1452477
1412126
1636804
912147
1041024
1636804
1599901
1667161
1246135
1246135
1162112
1384905
1699039
1431852
1416039
1811115
1450345
1450345
1224450
913144
913144
913144
1416039
715072
931059
931059
1361369
1361369
1046327
1718227
1824403
1824403
1824403
1796303
1796303
912562
1839412
312070
84748
1442653
1442653
1407623
1024478
1100778
1428439
84839
1324948
1611852
1788882
882835
1362959
1841610
745732
1826681
1102392
1694617
1592438
1592438
1538822
1286225
1222840
1720592
1720592
1560327
1763731
1763731
1763731
110621
1437283
1833089
1802768
842183
842183
1808158
1509432
1157842
1071236
315852
29669
1171759
1653653
1440024
861884
1103090
1644771
1060391
1793659
1793659
84112
1371217
849636
849636
1588216
83350
1386301
1572384
1828318
1828318
1828318
1748773
1516536
1516536
887028
1580262
1819848
1819848
1819848
1828105
1828105
1828105
1575659
1646576
1211351
101829
1709401
1753268
1469367
1010000
1012019
1012019
1324272
1496268
1735184
1718500
1746618
1628171
1479290
946563
1742927
1742927
1737204
1041368
804116
1744345
939380
1607962
1652350
930236
1439288
1810019
1000275
1000275
1038683
1597672
1708441
1424864
1481582
1592049
1592049
52827
1649904
898174
898174
1509261
1659559
1231346
1377936
1597033
1597033
1682220
1682220
313151
1514732
1377936
1688852
1538028
812128
1789192
1364012
1364012
1172052
1597553
1043509
1177702
1571123
1307895
1816048
1816048
1816048
1627857
1060219
1050606
1587264
949870
1754824
1754824
1754824
1549966
1530163
891478
1770121
1434614
897723
1477246
1000184
1062750
1062750
1776909
1377936
824410
1415404
1069530
1498710
1436778
1436778
1434754
1434754
1434754
1034054
1483934
1489264
1634432
730708
1777393
1777393
1777393
1836707
1572840
1553788
767405
1402328
1816708
1816708
1816708
912752
1783546
923734
923734
1368458
1604982
882300
1386716
1386716
1604982
1288784
1288784
1578955
351817
710752
1492298
1170858
927720
705432
1786909
1680379
1671858
312070
829224
1786909
1580608
1682220
1682220
1001838
1270131
92103
92103
92103
92103
92103
1449267
1277575
1276531
866729
912603
316709
316709
316709
1491703
1491703
89089
830616
1803487
944075
94049
1838697
1838697
87802
1415311
1828985
1828985
1828985
1838431
1838431
895665
1055454
1158172
1764301
1764301
1764301
1604950
1760717
1772028
831489
1050825
918965
1577445
1265107
1403256
895447
1794717
1794717
1468666
93676
1178253
1408146
1349436
1837248
1837248
1775625
1734669
1490978
1780731
1812923
1562040
1553467
892832
1600422
1737706
1163609
1509228
1753931
1114446
1703399
1019671
1820852
1820852
1564902
1763660
88121
1464794
925661
1633441
925661
1419612
1661600
1012100
1321851
1017491
1726445
1587205
350894
819926
1261759
1261759
1453687
1031235
1320414
88948
88948
1576197
1616543
1446152
1491434
1518521
1518521
1485003
1662991
720672
720672
720672
720672
720672
1541119
1065521
1430723
818677
86115
86759
851726
1725332
1539551
1550737
1576942
1289877
1575515
90498
1285543
1571549
1571549
1106213
1090009
1762322
1065521
1065521
1762322
1753539
1753539
1753539
1294404
1744894
886136
1820201
1820201
1820201
315849
1104280
1023994
95574
1060736
1828182
312070
1253494
1616533
1063489
1281721
1281721
788611
788611
915358
919175
1001233
750004
1023198
1412095
1450923
1253494
1004989
1638833
1413891
1069347
1069347
1821323
1002590
1820160
1620533
1035092
1822479
800840
800840
1442651
1442651
354963
1263043
908732
1448397
1448397
1448397
1310067
904979
1831651
1610466
1555379
1640117
1465470
1564228
1564228
1422296
1295810
1295810
1295810
913241
1594805
1570300
1570300
1644488
1506439
1556605
1556605
1301713
89800
1505223
1505223
1622879
743238
1312109
1488419
1459839
1723866
1049659
65596
1453732
1551693
90168
1500213
1094324
832988
1010086
230557
230557
1317833
1689066
1642159
1512920
916793
1397702
1514183
1659520
887153
1399306
1329394
1274032
1094005
1532595
1443611
1422892
1269026
1524326
1555379
1636050
1128252
1537667
1756704
908937
1523526
894315
894315
894315
1650729
1451809
1157817
1468978
719739
719739
1450922
701374
1753673
91928
91419
1599962
1599962
1753673
932872
319655
766829
1128281
1086313
1794942
1546853
1731911
1801661
1801661
1015650
1713809
899715
1085277
1065837
90896
1516551
1661264
1174814
1594124
793733
1038074
1834755
1834755
1838162
87347
1524741
1077319
1523541
1826553
1826553
1263762
1707502
1097362
1370418
1370418
1040971
1674440
88000
1621672
1684693
849869
1032033
1479615
1043186
1084332
1484565
1023459
1643319
1794783
1418076
1615219
1390478
1330568
1053092
893538
1366561
916907
1038773
1375365
923601
898770
1022837
1537547
825542
1675426
1426506
1114446
1114446
1690334
924719
922612
900475
1549922
1554859
1534293
1774155
1774155
1774155
1301991
811808
1599298
1551402
1640117
93389
1702744
1469207
884940
948708
88941
714256
95227
95227
1705259
1108320
1455634
91440
1564408
827187
1357459
1131554
1743907
1529628
1353406
1326089
1766600
1692063
1395937
313838
1680378
913760
318673
812796
812796
1642363
1430602
1838359
1613092
1362705
1437771
1437771
1123979
845982
1160191
1313938
1708715
1687505
1571398
1367083
1640147
1123658
1501108
1501108
1819584
1819584
1819584
883241
1343465
1610114
1652539
1823854
1823854
1823854
1829802
1061027
1619096
18349
18349
1417663
1177394
1121404
1562733
92122
1798562
1798562
1798562
1502152
1425627
1726286
91668
1029744
1713947
1301236
1734107
1697500
92122
92122
92122
92122
1417892
1750384
92122
1637736
1637736
1519177
1548187
1409236
1409236
91767
1325670
1178697
1106838
1314727
1450681
1450681
91847
1346610
806172
1490161
1471824
1059262
92679
1838527
1838527
1337090
109177
1291855
1706946
1403802
897802
1808945
1729895
1163668
1825079
1825079
1825079
1063761
1063761
64040
1500305
1005210
1563855
1210618
1066764
1606268
1606268
1353283
1452857
1452857
867038
1637761
1830214
885740
1825024
1825024
1825024
886835
1289945
1639920
1227282
831547
1539190
1364885
1683553
1611746
1701108
1821850
1821850
1821850
747540
1104855
1092699
1517375
908732
1836259
877422
1563227
1132105
867773
88205
1338561
884394
829325
1512673
1648428
1080657
909037
1383395
1604477
1126956
1126956
1781162
1781162
1781162
1538217
1308606
34782
861878
318299
318299
924717
1032208
1310114
1628063
1760173
1401835
1043337
16859
1525287
100625
841533
1482541
850261
873303
1290149
1083490
1581005
1727196
1821682
1434737
1031029
1494891
1622767
1761540
1400897
764038
1716188
920371
1673504
1561686
1051514
314590
1517231
1517231
1402436
1236275
1559157
1434477
1434477
832428
1779474
1779474
1779474
921638
1509470
1351636
1549346
1349810
1397616
96793
1517396
1477294
718937
1450160
1450160
1499717
1479094
1479094
1614556
1095651
1581164
719220
1587200
1587200
1166362
94344
1539850
1555972
914712
1619087
1757898
1796022
874977
1585219
1723935
1661779
1819574
1819574
1819574
1227636
1177135
1471420
351834
1399520
1070154
1070154
1605484
1022671
1388486
797465
932787
1697834
1551402
1082923
1131383
1492915
1745431
1483934
1623526
1753886
1538990
1830210
1830210
1758766
1758766
1758766
312070
847942
1013934
1473597
874238
1008586
1382101
707388
707388
885508
933034
1043156
1692830
1585389
1398488
93751
93751
93751
1496818
1680367
1400683
1465128
1819438
1819438
1137789
1499453
1289340
16918
311337
912593
1394108
1621563
1347141
1396633
1643269
1314772
1552275
1171838
1508171
1172631
1347141
95552
1356576
1517399
1718108
1392694
1556607
1556607
806592
909327
1822966
1084201
1794905
1794905
1794905
868271
1031093
945394
1626078
1828478
1828478
1828478
1793497
1340677
1647822
1739936
1464794
1359519
1359519
1448613
1448613
1828672
1828672
1828672
1160308
737563
1822966
1822966
89140
1535635
1415311
1642545
1092796
1710583
1531006
1531006
1828914
1828914
1438845
1438845
1626696
1438845
1739942
1111863
1771755
93556
1089907
4127
1000623
7332
1579963
1579963
1438844
93556
1773427
1692115
813623
1514705
310354
310142
1723980
1575851
1758530
835324
1527599
1056757
1601712
1601712
1541190
1444718
1444718
310764
1010612
894158
817720
1408278
1375063
1610950
95953
1040426
864240
1556263
1737372
1649009
1649009
1096934
945114
96021
1506488
1444147
1450344
1450344
1263521
1263521
1438844
1444147
1548536
732717
732717
732717
1378453
1144800
1826991
1826991
1826991
1585583
1017303
1471824
942126
1395064
1725472
1263872
1499620
1724965
1426011
1588084
1378453
1378453
1378453
1552670
24545
24545
1647170
1407343
312070
1656053
1359931
906338
1819790
1409036
809248
1092289
808439
1142790
96536
1832459
732717
1751700
1295401
732717
1815753
768899
1693415
1539638
1539638
1820378
1668370
1668370
1119807
1447051
1583107
1090396
1743340
1801602
1801602
1232384
1077428
1077428
1077428
356171
949852
96699
1108645
1595585
1293451
19612
855874
1648636
1639874
733590
1080259
1027838
932470
1754195
1602143
890319
890319
890319
1269238
1394319
1075607
1370755
1481443
1750019
1464963
1411688
1293451
909494
1436775
947263
1051512
1673481
1673481
1673481
816761
1051512
919893
1260221
1288098
1288098
1051512
1051512
1421907
1477449
1051512
98222
1094285
1704299
1650372
842023
886986
1766526
1592560
814052
1383394
1523855
909112
1822027
1822027
1385157
1561921
61398
1024725
1660280
34956
932470
97210
1831363
927355
1084384
818686
97216
92230
92230
92230
92230
92230
92230
92230
1630511
1630511
1733413
1588823
1577134
1381668
96943
850429
736744
1715768
878518
1001614
1537435
1413159
225211
1021162
1706145
1066684
1534675
1510178
39899
1308106
1308106
1308106
1551286
1386018
1593470
931427
27419
1001316
1712189
1769318
1769318
1769318
70318
1773087
1773087
1773087
1760689
1760689
1404935
714562
944695
1443275
1443275
1722401
1722401
1134115
1835567
1835567
711034
811212
730263
1604522
1489096
903129
1409431
1556739
1320695
1564709
1375686
1512717
1635977
1712189
1176373
98246
1801754
1387473
912958
1756699
96885
1117095
715787
1826168
1820144
1551047
1393726
1782941
1324189
773917
773917
318833
1409171
1825155
840551
1499785
109198
911971
1491487
1071321
1567503
1429393
1094084
98362
1811530
1598773
1722890
1590695
1101246
909724
1086082
1827871
1827871
352998
1068963
1584751
1001807
1689382
1791091
1791091
1668105
1450682
1450682
1288750
1731348
320121
1723069
1169870
1169870
1463208
923883
1122535
1122535
1524025
1094517
1835236
1835236
1504167
1072772
840551
1756262
1744676
1434601
1562476
1613685
1821606
1821606
1065734
97745
1005817
1823524
1823524
1543418
1445942
1685237
1598428
1822553
1822553
1822553
1283699
1428875
1474439
97134
1232384
1714379
1438133
937098
1337085
879575
1419945
99106
1166663
1166663
1166663
1166663
1524872
1430306
1443276
1443276
730349
1378125
1131652
1131652
794170
1645260
314227
1389518
1735532
1296484
842295
879764
1731176
1731176
1731176
1731176
1597095
1579026
1290677
77543
1593195
1328792
1436652
1436652
1698991
1819399
1819399
1561680
724742
1455684
1811074
1521013
1692068
1116132
1576018
1661039
1595893
1580345
1206264
1408201
1822529
98677
96869
1840353
1431959
1045942
1805833
1805833
1805833
7039
1434621
1740797
1069878
1389170
1651561
1075124
888721
1616212
1526520
1514056
1819876
1819876
1550453
1698370
864749
1655891
36146
1708405
99780
1778805
1778805
1476150
99302
1353487
1113169
1530804
1232384
1611746
1158041
1498232
842633
357301
732026
1451512
1560905
1660734
1660734
1660734
1660734
1660734
1630472
1552033
1446672
1446672
1371285
1578019
86312
1683825
1563880
1429560
1173643
876378
1287900
1117045
1190723
1046050
1380846
885834
885834
1614483
916365
1519061
928876
1806310
1503526
809559
1826000
1826000
1826000
1832737
1832737
1725295
1318605
1583001
1508655
1046179
100493
50104
1419051
1499832
98338
1431922
1320760
702257
702257
1466258
737758
1741231
1741231
1389067
1671933
1013880
831641
1293282
844965
926042
1116942
910267
1492674
1526329
946581
868675
878726
878726
1757399
1342875
1342875
1191832
1008654
893739
1302946
1679268
1145678
1145678
912892
1820566
1820566
1820566
1376986
1376986
1053092
1053092
1175158
1098343
1438533
704415
1758730
1819313
1819313
1819313
1349437
1763329
899751
100378
1447669
1819498
804123
1814215
1814215
1814215
1644406
1644406
1465740
1465740
1465740
1465740
1465740
1465740
1494413
1459417
1581280
1418091
1342874
1006840
1770787
1133798
25743
97476
1289460
1506742
217346
99614
1268533
1300734
1130894
1130894
860731
1537917
1742927
1742927
1742927
1133311
1823481
1823481
1810806
1336917
1336917
1114446
100517
101538
1425292
831001
8504
1029800
704561
731653
1543151
1137547
1114446
1500242
1087456
1029800
1610520
1446702
1446702
729986
1463361
1723517
1516079
857855
857855
1290640
1290640
831001
1114446
1114446
1775898
1543623
1415311
1275014
1383149
74208
1611547
1334933
1096938
1364276
1364276
101984
100826
100826
100826
100826
100826
100826
100826
100826
1041514
831001
1289028
1617669
101199
100726
1831583
912767
914156
1381531
101295
1396878
1053092
1053092
831001
1621199
884614
1415311
1053092
1094972
1706524
1706524
4457
352915
798783
1511737
1353633
1401521
746838
831001
1821424
1821424
217410
875657
831001
1415311
1308208
1605810
1403568
1168220
101382
1033767
1114936
752642
752642
752642
1317839
1477038
1477038
1077771
110390
100716
706863
1453932
1095054
798949
1572317
1700844
717954
1020859
1376227
1448695
731766
1095054
1172706
1620280
1405513
5513
5513
1538495
100885
1447772
1281845
1116734
1434389
798949
920427
1494319
1751707
1081834
1041657
1041657
1809616
1447772
836937
1505155
1090727
1647639
1627475
1677897
1405227
912615
1375205
1668243
932352
1067701
1115672
1453932
1740547
895421
1652842
799195
1522727
883945
931584
856984
1286973
896429
896429
27093
36104
36104
36104
36104
36104
36104
36104
36104
764630
1479247
1073429
1610682
1638911
101594
1665918
757011
1088034
1405528
1536394
82020
1053092
1053092
821130
1114446
896264
1089815
1327068
1671686
1053092
1671686
1289237
885978
1691570
1388319
1114446
1265848
1670349
1670349
923571
1275617
1263994
832480
1082554
1261654
755001
706698
1030471
1793081
1739566
1739566
1383151
1495651
102109
1385849
1385849
891166
102212
102037
1415311
1763543
898171
1783398
1783398
277058
831001
1729173
821130
821130
821130
821130
1403161
1572334
1524358
1819994
1819994
917851
314808
717720
1703117
1455819
1253176
203527
839087
1723047
5094
1290476
1490054
1438943
764195
797542
1603207
1501570
1575975
1111335
1636509
1636509
887359
907573
1517767
1065198
1065198
1820190
1820190
1515001
1205922
310056
1627041
1129260
1687898
1099509
1570827
895531
1821595
1821595
1821595
1384101
1601548
103145
1370431
1393052
1435224
1417664
1692376
1800392
1800392
1526689
1692981
1468091
1507385
1507385
1566610
1566610
1615165
1409269
1674101
863894
1806837
1575434
1293135
103379
1584549
895574
1681717
1669400
1272830
1804591
1804591
1804591
1528811
880892
59440
1551887
783324
1823857
1823857
1823857
1823857
1082324
59255
813828
813828
1769116
912093
1576724
1402737
1705696
1468639
751978
758743
1734517
1820302
1820302
1840792
1676580
1826011
1826011
1826011
1053092
1796129
1796129
1796129
1559998
1826286
1742770
1529192
1706431
751365
1818844
1592386
1565228
1082733
1762506
1579733
1609472
1066119
1703073
879682
1127055
1127055
1450704
794172
1415311
1415311
1582581
908993
1102432
1102432
877463
1607678
1100644
1745317
103595
1035002
1824293
1378984
1378984
1520504
846671
753762
714310
1810491
1810491
1810491
1813783
1396009
1729149
102729
895658
884152
1124610
1579157
1347178
1733186
1508475
1532383
1652630
899689
899689
899689
899689
899689
1602065
93314
1786842
1497130
1705682
1376804
1505413
839923
753762
103872
753762
1693690
1652630
1452188
1452188
1817229
807707
1535929
1535929
1841408
1487952
1410738
1376231
895528
312070
1348259
1495320
1597313
1660334
1590750
1506929
1771706
1681622
1580864
1104038
1104038
1657312
1361113
1166388
1708331
1682745
1421182
1422669
1442145
1014473
1701963
1701963
1674101
1674101
773318
883237
1207074
1599489
875320
1418115
1430523
1430523
1536089
1701963
797721
1697884
102752
103730
853180
853180
853180
1270200
1818093
1818093
1692819
1792829
1526119
1616318
1075857
1393662
1822145
1822145
1822145
1822145
1465872
1411685
1823884
1823884
913744
913744
1714024
883265
1280396
1641751
890447
1525221
740260
1792044
1805012
1085243
1641489
1373467
1463972
1096385
884219
1713952
1713952
1716166
1681348
1059386
1674910
1330306
1834045
1330306
1623590
72444
312070
312070
1424768
700764
1822877
1822877
1822877
1640266
1745078
1566044
1308027
732712
1616707
943452
311094
936528
936528
1716770
1212545
1724569
901684
901684
1399352
737468
1000697
1575793
860131
1595761
1618921
1517496
719245
1785494
801337
1388295
1645155
1650962
1586941
1800044
929008
929008
1667944
1318220
1363958
1516887
1551906
1497770
1327811
106040
1961
105132
1281984
1052100
1163792
1471824
1011901
783325
1409175
1586009
1734902
1717976
1452191
1452191
1586009
1771951
766704
30697
793074
1423902
1368275
1586009
880631
1784970
1826660
1616156
1309108
106532
1264136
1436381
1436381
72971
72971
72971
72971
72971
72971
72971
72971
72971
72971
72971
72971
72971
72971
72971
1360565
1360565
1402388
1603923
1449732
105608
1799858
1680962
107687
1722684
1699136
943535
1552198
1552198
1165002
1449594
1013706
1527541
1527541
1527541
1025771
106640
1443089
1537058
1254370
1169988
312070
1030997
1436673
1436673
1451554
1451554
1770088
908315
1636222
1708410
1708410
1708410
1640251
946486
850460
1682149
1822250
1756640
1123799
1267902
1576789
1162896
1218683
1445305
1738699
1425287
1096275
106455
1370450
1018164
1262823
1604665
1255474
1255474
1255474
1136294
1415952
1140536
823768
107263
1465885
1319161
1527974
105418
1077640
1412347
1828376
1604028
104169
1421601
879526
1071840
1157647
1356570
1787803
704366
1424404
1826470
108516
1764925
1674227
1701051
1025378
1809104
1809104
1809104
1594686
1323404
806968
1370416
1518832
1702924
11544
11544
11544
11544
11544
11544
1586941
104894
828916
1732845
108385
1364125
1482436
1507181
1436771
1436771
203596
203596
1569994
1647088
924095
104897
1473490
795800
828944
1393781
1771279
719955
1472862
105016
1175535
105770
945983
1002135
1621906
1166928
924396
1532390
1015328
1015328
1015328
1288403
1114446
1114446
776867
1713909
1601669
1601669
78128
1653247
795403
878828
1693256
1365135
1687065
1631574
910679
838875
838875
105319
108312
1091907
1657045
839470
110471
106535
1450021
1450021
1361658
1480134
1480134
1174922
1034760
1163302
1515324
1641631
1729678
1581220
1332551
1332551
1534525
1626878
1668039
1467631
1721413
1698530
1627854
1688487
1565381
825322
1168054
72903
1620179
1083220
1582313
1271214
1481504
1346302
1685531
1703079
1501697
1642563
1274737
1616000
1616037
1398453
1651932
1772720
1772720
743988
1138608
1280600
1747748
1819006
1655199
1326732
1624985
1510593
1454948
1454948
1661806
1655020
1655020
34088
791908
791908
1561627
1062292
1787425
1682662
1839341
1839341
1609211
1767258
1803696
1810997
917225
1166003
1821742
1821742
1821742
853180
1677615
818479
1770450
1124959
853180
1039466
1410428
1628104
1472468
1288770
1023549
1453593
312070
1555085
1525355
1347858
1725033
1508669
1508669
1524472
1697805
1697805
775368
1815302
1815302
1815302
1446437
1446437
1794350
1559460
1559460
1691077
822997
895464
1644903
1644903
1415311
1415311
1519821
716006
1345016
1670592
1548240
1614178
1311673
1782037
927971
1709563
1569329
1569329
1738906
1661125
1759614
1699709
1722964
1445283
1513845
1703497
108985
904851
1821468
716006
1631761
1487843
1823587
1823587
1823587
1819580
1121702
1516899
1516899
1417370
1444719
1444719
1041061
1672326
1673358
1073748
1306035
884247
1530238
1617640
1296205
1608249
1136869
109380
877212
1785566
1667313
1279620
1674988
1463172
1458581
1437491
1437491
917470
1617640
1778404
1375151
1574186
1773086
1773086
1773086
865400
1556616
1556616
1794515
1465311
1459580
1459580
1654126
1124160
109380
109380
109380
109380
109380
1107421
1101026
1053092
855612
1687451
1704292
1638747
1546084
1546084
1638747
1585521
1363343
1439404
1041668
1131312
1131312
1568875
1823652
1823652
1823652
1725160
1594879
1684144
1635748
1613979
1713683
1587221
1415311
1445156
1445156
1677250
836412
1555280
1318008
1423774
1305323
1828438
1828438
1506756
1442101
1403752
1621443
1790368
1558740
846475
1365357
1327318